Time	D07	D08	D09	D10	D11	E08	E09	E10	E11	F08	F09	F10	F11	G08	G09	G10	G11	H08	H09	H10	H11
0.000000	4715	4762	4716	5172	4849	4398	4416	4474	4462	4411	4433	4506	4221	4213	4224	4397	4970	3950	4081	4395	4690
0.077778	4324	4333	4155	4518	4057	4018	4009	3990	3999	3842	3851	3794	3708	3823	3766	4592	4440	3658	3719	3976	4115
0.155556	3658	3596	3813	3759	3508	3585	3562	3390	3576	3445	3415	3455	3237	3361	3386	4720	4132	3219	3346	3594	3646
0.233333	3339	3428	3505	3552	3152	3316	3262	3353	3364	3197	3200	3322	3206	3084	3192	5666	4029	3098	3164	3514	3508
0.311111	3307	3401	3344	3605	3284	3190	3114	3275	3280	3226	3110	3186	3136	3122	3146	5563	3926	3084	3130	3394	3301
0.388889	3260	3359	3251	3872	3180	3232	3116	3054	3208	3144	3154	3121	3013	3131	3139	5314	3758	2934	3002	3356	3355
0.466667	3259	3344	3338	3918	3396	3015	3110	3074	3119	3149	3073	3258	3053	3074	2985	5244	3844	3008	3154	3312	3244
0.544444	3240	3484	3232	4039	3312	2948	3064	3076	3078	3119	3065	3104	3019	3048	3046	5255	3596	3039	3120	3296	3390
0.622222	3186	3603	3389	4334	3269	3102	3098	3201	3163	3206	3130	3126	3131	3005	3032	5403	3730	3019	3088	3425	3344
0.700000	3150	3678	3345	4556	3376	3078	3047	3082	3212	2959	2922	3129	3012	2976	3048	5318	3680	3005	3224	3256	3312
0.777778	3200	3735	3393	4658	3532	3034	3040	3006	3094	3147	2985	3046	2969	2930	2936	5276	3716	3056	3003	3224	3310
0.855556	3437	3665	3474	5103	3474	3100	3120	3084	3071	3007	3021	3133	2967	3041	2986	5302	3736	3003	3095	3358	3179
0.933333	3112	3858	3593	5216	3484	3106	3024	2964	2991	3093	3022	3271	2910	3034	2958	5230	3846	2964	3073	3240	3293
1.011111	3182	3900	3460	5532	3488	3096	3010	3056	3168	3011	3067	3038	2902	3046	2942	5380	3769	3019	3034	3318	3198
1.088889	3116	3939	3574	5614	3555	3067	3197	3136	3245	3236	3025	3069	3073	3054	2982	5316	3665	3052	3044	3252	3296
1.166667	3182	3975	3517	5878	3693	3085	3014	3031	3214	2992	3015	3169	2948	3000	3105	5284	3797	2995	3100	3384	3170
1.244444	3226	4282	3579	6118	3736	2994	3112	3046	3190	3088	3074	3014	3024	3013	2947	5316	3628	2997	3136	3323	3288
1.322222	3279	4198	3630	6248	3796	2932	3141	3016	3112	2993	3006	3162	3012	3089	3023	5480	3671	3023	3041	3299	3217
1.400000	3224	4333	3721	6611	3733	3042	3049	3054	3134	3053	2933	3158	3025	2973	2957	5512	3645	3054	3110	3266	3240
1.477778	3333	4465	3778	6677	3856	3096	3120	2990	3076	3013	3079	3196	2930	3112	2938	5285	3679	3097	3058	3329	3229
1.555556	3099	4328	3806	6842	3860	3006	3054	3014	3195	3070	3028	3205	2851	3006	2914	5402	3558	2998	3082	3350	3150
1.633333	3169	4519	3769	7296	3912	2944	3064	3092	3144	3130	3156	3125	3011	3055	3063	5284	3685	2926	3098	3332	3280
1.711111	3280	4666	3888	7324	4068	3083	2973	3076	3132	2962	3039	3142	2988	3050	3037	5407	3584	3105	3082	3319	3330
1.788889	3137	4728	3857	7681	4027	3090	3101	3111	3260	3064	2994	3040	3000	2973	2976	5371	3704	2946	2929	3330	3299
1.866667	3190	4894	3893	7704	4200	3028	2987	3008	3016	3157	2982	3025	2975	3044	3033	5440	3651	2949	3012	3272	3264
1.944444	3088	4835	4076	7956	4090	3082	3028	3047	3175	3065	2983	3241	3053	3098	2978	5568	3617	2996	3108	3286	3225
2.022222	3100	4901	3877	8426	4090	3117	3057	3135	3215	3140	3070	3020	3121	2986	2884	5729	3798	2990	3041	3438	3281
2.100000	3179	5013	4022	8074	4328	3140	3072	3153	3216	3148	3101	3047	3014	3049	2971	5508	3707	2959	3166	3363	3274
2.177778	3304	5035	4006	8535	4141	3137	2962	3173	3144	3004	3090	3118	3033	3026	3100	5539	3767	3031	3032	3412	3230
2.255556	3108	5207	4142	8645	4331	3025	3063	3091	3058	3056	2960	3260	3013	3054	3062	5505	3730	3146	3108	3305	3194
2.333333	3260	5326	4086	8903	4353	2958	3056	3034	3172	3044	3038	3036	2929	3064	3025	5564	3736	3047	2945	3322	3120
2.411111	3186	5363	4098	9144	4346	3015	3032	3092	2984	2957	2968	3094	2956	2992	2968	5403	3793	3044	3036	3353	3246
2.488889	3177	5492	4117	9274	4324	3123	3057	3054	3219	3157	2897	3152	3042	3050	2987	5461	3646	3010	3080	3270	3218
2.566667	3151	5434	4299	9423	4423	3049	3063	2945	3135	3127	3012	3130	2993	2959	3065	5663	3779	3122	3087	3321	3154
2.644444	3221	5669	4081	9528	4456	2992	3012	3141	3212	3094	2959	3124	2950	2977	3052	5551	3796	3041	3013	3391	3236
2.722222	3177	5652	4081	10064	4652	3099	2986	3052	3043	3016	2958	3171	2952	3096	2956	5495	3723	3028	3130	3361	3281
2.800000	3208	5668	4224	10123	4546	2986	3049	3126	3173	3102	3035	3034	2992	2940	2914	5560	3484	3070	3093	3292	3205
2.877778	3177	5700	4366	10123	4573	3094	3027	3157	3076	3072	3027	3041	2984	3055	3069	5656	3638	2978	3100	3433	3118
2.955556	3216	5833	4365	10153	4523	3042	3129	3138	3139	3009	3023	3108	2964	3100	3024	5678	3725	3116	3006	3435	3255
3.033333	3247	5967	4266	10562	4625	3119	3096	3176	3098	3212	2952	3065	2933	3024	3003	5528	3756	2936	3096	3179	3314
3.111111	3200	5874	4448	10837	4736	3024	3002	3086	3064	2977	3002	3127	2976	2961	3032	5624	3618	3135	3072	3367	3364
3.188889	3226	6130	4336	11288	4761	3034	3028	3105	3142	3126	3002	3050	3029	3080	2949	5539	3733	3078	3016	3393	3327
3.266667	3246	5983	4420	10976	4944	3064	2994	3083	3172	2970	2984	3079	2960	3028	3024	5645	3620	3107	3149	3254	3254
3.344444	3207	6210	4420	11227	4811	3031	2971	3143	3256	3114	2972	3178	2926	3018	3122	5598	3695	3020	3014	3387	3158
3.422222	3326	6220	4478	11347	4819	3034	3106	3113	3214	3014	3122	3045	3035	2950	3070	5548	3649	2988	3038	3343	3266
3.500000	3185	6482	4410	11269	4957	3020	2994	3052	3186	3054	3043	3141	2940	3073	2956	5447	3676	3091	3010	3330	3174
3.577778	3287	6349	4610	11739	5011	3048	3122	3122	3221	3181	3072	3114	3039	2962	3055	5557	3558	3010	3021	3344	3264
3.655556	3191	6646	4440	11992	5174	3020	3084	3073	3119	3068	3072	3182	2937	3037	3093	5627	3762	3035	3084	3256	3272
3.733333	3299	6619	4659	11781	5098	3103	3044	3092	3081	3063	2968	3134	2932	2968	3076	5707	3562	3000	3082	3311	3208
3.811111	3332	6831	4669	12098	5160	3055	3111	3004	3194	3094	2950	3118	2974	2980	3056	5572	3732	2978	3082	3299	3230
3.888889	3228	7068	4809	12351	5055	3047	3100	3043	3162	3087	2914	3116	2938	3049	2982	5644	3610	3192	3143	3422	3219
3.966667	3290	7152	4684	12510	5268	3142	3022	3027	3130	3029	3051	3107	2882	3001	3029	5571	3503	3082	3180	3300	3221
4.044444	3316	7131	4850	12609	5231	3073	3157	3000	3184	3183	3055	3097	2933	3106	3063	5607	3619	3118	3033	3254	3244
4.122222	3287	7481	4815	12589	5227	2979	3068	3058	3067	3050	3005	3084	3018	3003	2980	5614	3685	3064	3152	3278	3180
4.200000	3367	7600	4869	13112	5504	3054	3045	3064	3229	3080	2967	3094	3084	3026	2949	5636	3636	3110	3114	3356	3247
4.277778	3262	7804	4980	13039	5392	3050	3073	3082	3257	3061	2914	3171	3038	3053	3092	5609	3683	3055	3138	3314	3173
4.355556	3240	7981	4781	13577	5645	3117	3036	3156	3184	3095	2963	3054	3045	3049	2952	5630	3670	2980	3119	3397	3187
4.433333	3298	8352	4984	13457	5795	3107	2982	2996	3264	3105	3056	3050	3025	3058	3080	5531	3770	3060	2998	3401	3117
4.511111	3332	8490	5111	13605	5796	3043	3040	3112	3094	2926	3090	3058	2980	3044	3048	5531	3740	3005	3126	3225	3192
4.588889	3343	9198	5371	13811	5836	3222	3075	3062	3174	3082	2976	2986	2988	3057	3075	5557	3639	3029	3081	3309	3233
4.666667	3323	9320	5246	13891	6070	3087	3161	2986	3143	3068	3040	3025	3093	3032	3036	5559	3732	3000	3122	3308	3290
4.744444	3322	9528	5472	14299	6182	3100	3127	3144	3070	3024	2958	2966	2972	3113	3177	5663	3473	3023	3107	3333	3292
4.822222	3364	9844	5306	14527	6416	3125	3061	3083	3130	3162	2998	3114	3008	3098	3254	5569	3773	2962	3101	3450	3276
4.900000	3393	10190	5484	14780	6634	3094	3083	3097	3247	3134	3132	3037	2941	3087	3199	5468	3659	3010	3040	3383	3150
4.977778	3414	10242	5843	14579	6801	3118	2977	3099	3268	3029	3028	3116	2951	3186	3296	5568	3713	3114	3106	3317	3238
5.055556	3515	10833	5922	15128	7098	3016	3065	3011	3140	3097	3161	3048	3009	3010	3296	5556	3632	3014	3097	3305	3190
5.133333	3478	10921	6198	15373	7295	2994	2952	2900	3164	3103	3068	3176	3046	3092	3236	5620	3601	3015	3114	3420	3237
5.211111	3604	11036	6568	15686	7445	3114	3096	3078	3185	3103	3143	3164	2942	3131	3262	5705	3674	2946	2915	3333	3222
5.288889	3615	11369	6834	16427	7758	3136	3034	3111	3239	3093	3184	3126	2999	3104	3420	5626	3660	2928	3042	3321	3270
5.366667	3746	11758	7102	16352	8149	3093	3105	3133	3219	3081	3036	3090	3013	3053	3407	5596	3722	3076	2978	3319	3140
5.444444	3695	11913	7371	16740	8460	2952	3099	3100	3270	3103	3034	3111	2974	3080	3340	5566	3621	3019	3062	3407	3226
5.522222	3838	11874	7650	17059	8821	3154	3090	3087	3325	3022	3132	3103	3037	3184	3452	5516	3728	3071	3082	3415	3120
5.600000	3940	11958	7964	17429	9106	3176	3098	3086	3338	3010	3045	3106	3078	3210	3420	5738	3730	2979	3146	3266	3089
5.677778	4125	12409	8456	17957	9324	3003	3106	3086	3449	2994	3143	3054	2958	3112	3429	5729	3621	2976	3025	3407	3338
5.755556	4255	12288	8674	18552	9380	3248	3091	3208	3365	3022	3200	3173	2933	3219	3450	5766	3739	3089	2962	3325	3164
5.833333	4282	12693	8780	18971	9759	2988	3207	3252	3438	3076	3068	3184	3044	3227	3606	5631	3682	2963	2985	3343	3148
5.911111	4584	12740	9055	19535	10077	3098	3164	3136	3442	2962	3180	3039	3062	3235	3510	5739	3798	3035	3128	3393	3289
5.988889	4751	12874	9723	20043	10309	3098	3152	3006	3592	2989	3200	3061	2993	3323	3532	5766	3688	2995	3038	3204	3406
6.066667	5216	13023	9782	20186	10237	2978	3116	3229	3635	3001	3192	3105	3086	3363	3570	5755	3828	2917	3096	3372	3091
6.144444	5351	13187	9912	20632	10555	3206	3174	3154	3450	3004	3222	3031	2973	3276	3540	5750	3788	3032	3078	3537	3246
6.222222	5862	13298	10136	20866	10648	3210	3225	3193	3815	3040	3306	3058	2928	3318	3544	5878	3790	3004	2925	3361	3223
6.300000	6429	13462	10348	21288	10796	3122	3273	3140	3757	2940	3247	3015	3150	3282	3558	5986	3790	3017	3102	3282	3110
6.377778	6535	13555	10411	21733	11140	3201	3254	3180	3939	3034	3342	3140	2906	3458	3644	5926	3749	3007	3016	3338	3138
6.455556	7179	13400	10648	21892	11354	3193	3358	3249	4116	3133	3302	3152	3054	3500	3634	5955	3893	3038	2996	3389	3274
6.533333	7610	13622	10694	22665	11177	3187	3252	3288	4209	3012	3509	2994	2986	3510	3605	6034	3812	2906	3090	3341	3242
6.611111	7940	13730	10797	22645	11647	3272	3393	3324	4401	3070	3518	3069	2992	3319	3656	5951	3853	3050	3054	3344	3290
6.688889	8289	13978	10851	22993	11692	3282	3385	3383	4318	3078	3515	3151	3040	3457	3678	5894	3875	3022	3072	3405	3068
6.766667	8890	13840	11078	23271	11896	3316	3443	3396	4636	3008	3552	3039	2924	3440	3668	6095	3953	2902	3004	3358	3088
6.844444	9096	13900	11192	23105	11856	3430	3580	3299	4710	3172	3677	3072	2977	3428	3646	6048	4004	3074	3018	3339	3266
6.922222	9338	14126	11131	23966	12296	3427	3790	3548	4656	3015	3590	3034	2870	3544	3652	6138	4011	2927	3076	3332	3193
7.000000	9803	13955	11260	24074	12255	3555	3712	3402	5033	3024	3715	3125	3008	3484	3626	6112	3983	2996	3102	3300	3222
7.077778	10022	14022	11397	24228	12393	3604	3920	3576	5042	2988	3657	3172	2968	3536	3708	6199	4053	2938	3059	3348	3166
7.155556	10359	14203	11534	24275	11986	3529	3996	3781	5211	3031	3787	3112	2982	3574	3771	6155	4152	3087	3107	3334	3246
7.233333	10631	14342	11658	24333	12444	3611	4106	3700	5368	3001	3913	3138	3112	3721	3872	6145	4098	2944	3001	3288	3263
7.311111	10887	14155	11731	24454	12543	3729	4258	3911	5320	3053	3974	3148	2998	3483	3804	6143	4111	3063	3101	3205	3315
7.388889	11068	13911	11748	24807	12444	3923	4502	3984	5496	3072	4023	3098	2929	3728	3739	6269	4161	3006	3005	3303	3283
7.466667	11350	14690	11668	25168	12409	3861	4553	4186	5538	3105	3950	3103	3026	3737	3768	6216	4215	3060	3081	3234	3218
7.544444	11792	14548	11897	25049	12805	3918	4612	4282	5470	3040	3953	3255	2871	3665	3713	6355	4218	3104	3112	3318	3428
7.622222	11874	14294	11729	25246	12613	4192	4939	4314	5607	3029	4042	3214	3018	3601	3742	6366	4296	3018	3090	3410	3306
7.700000	11974	14604	11845	25488	12607	4274	5134	4648	5584	3120	3928	3028	2950	3548	3700	6362	4146	3044	3038	3400	3372
7.777778	12185	14243	12107	25512	12709	4420	4987	4656	5748	3063	4064	3335	2982	3643	3760	6448	4243	2977	3021	3289	3468
7.855556	12160	14627	12050	25574	12650	4567	5206	4672	5934	3068	4130	3332	2983	3570	3856	6434	4260	2969	3096	3432	3386
7.933333	12269	14694	12112	25742	12775	4420	5352	4901	5851	3030	4096	3241	2998	3877	3645	6428	4217	3069	3096	3297	3485
8.011111	12449	14630	12188	25503	12780	4552	5545	4957	5949	3033	4143	3165	2872	3648	3837	6375	4448	3057	3024	3317	3546
8.088889	12202	14268	12066	26040	12937	4744	5460	5079	5872	3146	4094	3213	2989	3766	3798	6373	4314	2932	3106	3319	3405
8.166667	12204	14740	12228	26406	12892	4846	5700	5062	5901	3014	4084	3368	3042	3731	3777	6360	4261	3017	2982	3360	3480
8.244444	12544	14700	12018	26222	13063	4849	5763	5112	5980	2980	4229	3373	3003	3721	3760	6363	4370	3044	3010	3269	3458
8.322222	12566	14678	11989	26229	13261	4948	5800	5397	6036	3065	4221	3299	2954	3757	3742	6451	4206	2950	3014	3395	3385
8.400000	12881	14676	11774	26410	13208	4954	5883	5364	6043	3047	4149	3565	3045	3735	3911	6326	4214	3041	3075	3425	3432
8.477778	12900	14820	12042	26431	13028	5092	6028	5343	5679	3026	4200	3615	2946	3775	3726	6485	4338	3056	3195	3214	3575
8.555556	12539	14900	12263	26463	13177	5321	6029	5582	6045	3024	4188	3470	2980	3624	3778	6383	4412	3090	3085	3395	3547
8.633333	12599	14802	12384	26127	13244	5451	6028	5621	6055	3034	4305	3724	3204	3826	3706	6518	4313	2990	2992	3308	3588
8.711111	13004	15024	12090	26635	13314	5402	6032	5876	6060	3042	4142	3674	3026	3819	3695	6278	4360	3143	3133	3330	3509
8.788889	13124	14722	12206	26892	13438	5358	6093	5630	6065	3084	4234	3739	3113	3667	3791	6321	4439	2957	2992	3298	3471
8.866667	13138	14983	12263	27047	13323	5332	6109	5690	5981	3069	4202	3761	3033	3797	3790	6455	4405	3019	3088	3362	3578
8.944444	13042	15072	12066	27504	13389	5534	6196	5700	6160	3053	4418	3895	3025	3664	3714	6483	4330	3206	2961	3345	3680
9.022222	12896	15336	12430	26964	13500	5388	6222	5842	6006	3040	4246	3955	3115	3727	3844	6328	4348	2954	3052	3338	3588
9.100000	13316	15019	12427	27010	13454	5439	6172	5930	6230	3075	4245	3846	3051	3835	3725	6350	4472	3019	2979	3358	3735
9.177778	13352	14948	12388	27153	13360	5445	6220	5837	6122	3039	4163	3986	3079	3700	3873	6434	4450	3097	3002	3357	3631
9.255556	13284	14893	12164	27004	13501	5492	6344	5969	6292	3034	4219	4070	3058	3616	3742	6435	4500	3104	3015	3283	3500
9.333333	12932	15253	12287	27422	13658	5658	6256	5952	6161	3111	4206	4116	3206	3738	3711	6415	4305	3056	2996	3355	3507
9.411111	13439	15050	12572	27382	13516	5581	6317	5806	6198	3043	4233	4030	3136	3702	3790	6426	4289	3046	3031	3345	3518
9.488889	13602	15256	12462	27584	13799	5610	6420	6052	6123	3051	4342	4192	3149	3845	3708	6401	4397	2935	2994	3414	3687
9.566667	12958	15380	12509	27570	13504	5659	6357	5938	6092	3020	4344	4151	3112	3792	3628	6484	4259	2967	3111	3304	3564
9.644444	13120	15288	12355	27684	13524	5677	6320	5928	6094	3093	4282	4251	3142	3782	3768	6439	4379	3051	3028	3237	3707
9.722222	13611	15162	12317	28046	13669	5876	6276	5858	6197	3074	4310	4155	3127	3750	3712	6438	4341	3066	3032	3315	3679
9.800000	13110	15397	12465	27712	13571	5770	6385	5965	6052	3025	4370	4234	3192	3751	3661	6511	4499	3016	3040	3378	3586
9.877778	13506	15482	12282	27962	13859	5678	6443	5987	6242	3012	4346	4112	3262	3717	3781	6566	4304	3086	3028	3397	3716
9.955556	13324	15621	12330	27639	13640	5670	6396	6102	6210	2994	4346	4163	3290	3779	3807	6443	4400	3136	3035	3331	3534
10.033333	13392	15296	12280	27869	13625	5782	6187	5955	6079	2968	4442	4398	3399	3775	3796	6346	4376	3108	3065	3256	3576
10.111111	13298	15656	12489	27929	13794	5594	6342	6068	6122	3210	4309	4471	3431	3779	3678	6410	4473	3178	3056	3356	3546
10.188889	13768	15434	12428	28238	13579	5724	6342	5931	5974	3117	4315	4462	3518	3700	3802	6328	4415	3182	3061	3336	3589
10.266667	13454	15648	12382	28040	13926	5890	6386	5936	6150	2954	4271	4506	3518	3652	3854	6402	4344	3234	2925	3314	3640
10.344444	13594	15364	12500	28041	13690	5814	6415	5968	6282	3016	4201	4493	3567	3760	3758	6618	4282	3115	2929	3356	3484
10.422222	13587	15380	12432	27958	13818	5867	6501	6000	6106	2939	4366	4304	3635	3672	3831	6407	4386	3161	2941	3300	3666
10.500000	13515	15545	12390	28093	14025	5700	6279	5982	6254	3134	4400	4404	3652	3694	3744	6496	4253	3275	3006	3411	3599
10.577778	13693	15757	12391	28344	13832	5831	6372	6002	6224	3094	4294	4400	3736	3739	3860	6353	4452	3257	3006	3354	3525
10.655556	13887	15812	12393	28445	13787	5843	6393	5922	6238	3112	4315	4414	3731	3764	3794	6446	4263	3241	3007	3432	3591
10.733333	13768	15866	12268	28180	14088	5754	6315	6028	6200	3164	4329	4372	3703	3732	3877	6490	4400	3117	2990	3346	3594
10.811111	13623	15810	12357	28850	14167	5892	6419	5936	6266	3052	4346	4406	3813	3826	3669	6511	4394	3331	2973	3294	3629
10.888889	13835	15732	12330	28328	13845	5730	6386	6037	6214	3012	4261	4336	3854	3815	3819	6436	4492	3308	3009	3286	3536
10.966667	13828	15926	12127	28749	13976	5604	6394	6142	6159	2988	4360	4333	3958	3777	3734	6400	4351	3325	3072	3452	3647
11.044444	13800	16030	12438	28436	14169	5819	6467	6109	6340	3138	4407	4456	3839	3774	3802	6417	4483	3268	3043	3368	3639
11.122222	13750	15762	12404	28712	14262	5836	6302	5963	6195	3129	4323	4499	3901	3722	3696	6536	4476	3282	3017	3264	3698
11.200000	13944	15784	12407	28982	14187	5852	6562	5971	6282	3087	4422	4381	4002	3706	3682	6499	4336	3338	2981	3357	3660
11.277778	13748	16253	12665	28688	14351	5885	6525	6062	6305	3180	4333	4541	3906	3754	3754	6342	4432	3329	3098	3414	3731
11.355556	13498	15844	12604	28820	14061	5647	6407	5920	6357	3126	4272	4381	3961	3639	3682	6466	4517	3459	2919	3386	3705
11.433333	13902	15906	12512	28663	14189	5709	6486	6155	6196	3275	4299	4337	4060	3720	3799	6324	4594	3411	2991	3260	3629
11.511111	14018	15855	12650	28934	14265	5712	6573	5942	6329	3172	4303	4466	4050	3762	3738	6327	4441	3384	3058	3232	3602
11.588889	13958	15901	12578	28995	14174	5652	6494	6120	6228	3137	4236	4495	4125	3723	3724	6360	4364	3408	3104	3268	3704
11.666667	14052	15930	12449	28864	14273	5651	6424	6072	6206	3165	4436	4482	4192	3720	3763	6579	4496	3280	3063	3282	3616
11.744444	13745	15891	12337	28613	14337	5772	6368	5882	6097	3225	4324	4589	4173	3668	3716	6478	4364	3452	3041	3245	3590
11.822222	13999	16360	12325	28777	14461	5588	6546	6284	6288	3248	4265	4390	4159	3834	3769	6438	4292	3420	3016	3314	3612
11.900000	13842	16300	12606	28796	14105	5602	6492	6002	6392	3317	4296	4548	4150	3652	3846	6390	4525	3362	2934	3288	3602
11.977778	13884	16057	12423	29341	14556	5674	6695	6072	6268	3403	4280	4463	4205	3776	3718	6442	4551	3314	3048	3224	3680
12.055556	14300	16044	12613	29288	14276	5856	6500	6019	6292	3380	4268	4410	4115	3689	3678	6257	4436	3430	3070	3312	3664
12.133333	14100	16266	12468	29418	14316	5899	6435	6062	6187	3514	4332	4578	4236	3672	3777	6393	4392	3331	3040	3319	3621
12.211111	13994	16318	12634	29290	14513	5798	6628	6110	6295	3463	4260	4375	4250	3793	3672	6335	4327	3341	3020	3390	3542
12.288889	13966	16338	12564	29467	14632	5846	6364	6162	6489	3451	4425	4415	4150	3745	3862	6489	4402	3522	2988	3216	3592
12.366667	13964	16576	12400	29026	14452	5781	6443	5927	6329	3462	4384	4461	4222	3696	3680	6454	4545	3424	3076	3466	3596
12.444444	14190	16026	12476	29141	14566	5842	6450	6256	6218	3542	4238	4449	4183	3757	3688	6514	4465	3278	2961	3394	3746
12.522222	13904	16580	12560	29545	14706	5737	6445	6145	6350	3536	4242	4418	4173	3580	3752	6472	4594	3386	2910	3272	3809
12.600000	14072	16230	12530	29270	14606	5826	6573	6086	6436	3605	4211	4516	4244	3665	3622	6456	4465	3370	2982	3214	3720
12.677778	14217	16361	12709	29487	14713	5722	6464	6051	6214	3522	4307	4494	4314	3664	3832	6430	4444	3320	2986	3338	3664
12.755556	14124	16234	12488	29860	14708	5855	6528	6024	6412	3741	4323	4314	4178	3700	3674	6450	4491	3293	2987	3260	3740
12.833333	14220	16528	12554	29162	14883	5908	6448	6218	6192	3724	4318	4420	4193	3696	3679	6542	4383	3374	2943	3381	3624
12.911111	14186	16613	12605	29478	14682	5822	6526	6186	6330	3752	4306	4428	4155	3783	3715	6504	4460	3432	3085	3316	3624
12.988889	14301	16446	12666	29634	14827	5814	6495	6192	6532	3796	4303	4330	4276	3736	3741	6316	4472	3331	2938	3377	3616
13.066667	14020	16524	12671	29874	15075	5748	6438	6139	6239	3898	4314	4473	4290	3674	3719	6373	4366	3329	2983	3284	3706
13.144444	14261	16637	12544	29350	14978	5778	6556	6012	6360	3800	4222	4432	4251	3662	3771	6419	4414	3369	2885	3291	3704
13.222222	14704	16858	12648	30350	14896	5889	6453	6125	6401	3899	4291	4419	4202	3691	3769	6415	4334	3398	3021	3359	3634
13.300000	14100	16555	12780	29968	15126	5974	6463	6043	6245	3791	4254	4474	4289	3741	3720	6516	4382	3253	3071	3384	3580
13.377778	14301	16837	12636	30098	14723	5790	6454	6008	6406	3891	4362	4442	4280	3819	3780	6324	4410	3496	2946	3364	3787
13.455556	14449	17028	12710	30036	15064	5795	6438	6172	6341	3876	4196	4446	4211	3728	3692	6355	4370	3296	3012	3178	3576
13.533333	14593	16992	12852	30042	14935	5876	6476	6154	6374	3964	4421	4565	4150	3716	3717	6348	4546	3420	2971	3238	3762
13.611111	14358	16869	12748	29793	14998	5987	6539	6043	6440	3962	4301	4497	4299	3711	3665	6481	4400	3440	2987	3440	3646
13.688889	14290	16559	12836	30395	15272	5854	6611	6089	6373	3960	4224	4442	4160	3578	3750	6392	4464	3393	2978	3263	3611
13.766667	14374	16870	12669	30283	15186	5793	6600	6146	6397	4056	4305	4445	4270	3769	3870	6494	4358	3346	3084	3308	3726
13.844444	14334	16835	12630	30102	15092	5800	6493	6076	6504	4154	4204	4526	4284	3728	3803	6391	4427	3440	2987	3280	3586
13.922222	14814	16680	12965	30548	14895	5691	6383	6073	6419	4153	4203	4372	4257	3672	3709	6294	4326	3307	2998	3398	3741
14.000000	14342	16863	12562	29857	15005	5811	6385	6268	6375	3980	4385	4486	4239	3656	3782	6665	4459	3294	2982	3353	3726
14.077778	14640	17364	12756	30082	14973	5768	6389	6192	6336	4082	4232	4399	4178	3703	3730	6286	4522	3262	3048	3349	3700
14.155556	14574	16845	12616	30088	15071	5865	6539	6243	6296	3974	4354	4555	4225	3626	3808	6493	4478	3457	2996	3363	3735
14.233333	14298	17094	12683	30061	15108	5901	6536	6210	6292	3905	4296	4538	4178	3806	3657	6296	4526	3254	3038	3420	3767
14.311111	14271	17024	12572	30455	15214	5769	6500	6130	6376	4021	4237	4368	4352	3710	3758	6510	4483	3366	3076	3329	3695
14.388889	14627	17038	12793	30409	15215	5857	6494	6143	6532	4105	4207	4592	4251	3692	3716	6344	4626	3395	2976	3294	3741
14.466667	14651	16953	12792	30691	15100	5765	6600	6199	6447	3984	4237	4445	4262	3768	3606	6394	4352	3405	3133	3417	3844
14.544444	14724	17173	12802	30910	15406	5828	6626	6239	6500	4086	4153	4432	4265	3717	3679	6492	4496	3343	2930	3391	3638
14.622222	14492	17420	12754	30965	15496	6027	6688	6270	6419	4010	4110	4466	4254	3756	3690	6288	4416	3218	3036	3417	3764
14.700000	14826	17189	12722	30709	15403	5860	6523	6246	6540	4238	4172	4412	4296	3642	3727	6364	4453	3384	3136	3518	3570
14.777778	14556	17150	12942	30704	15613	6102	6418	6274	6407	4104	4293	4553	4270	3688	3769	6356	4462	3226	2984	3545	3582
14.855556	14659	17166	12706	30674	15439	5906	6731	6294	6456	4106	4203	4374	4258	3700	3751	6288	4448	3410	3070	3458	3684
14.933333	14542	17290	12693	30668	15440	5944	6579	6355	6180	4030	4257	4452	4334	3676	3826	6334	4480	3452	2968	3460	3816
15.011111	14365	17521	12791	31050	15580	5976	6317	6259	6429	3971	4286	4525	4291	3580	3780	6373	4378	3401	2964	3506	3617
15.088889	14795	17320	12880	30937	15729	5874	6471	6428	6378	4144	4368	4469	4229	3633	3786	6329	4304	3414	3007	3530	3758
15.166667	14478	16974	12805	30437	15567	5966	6448	6146	6348	4100	4344	4449	4352	3732	3765	6426	4436	3252	2955	3489	3647
15.244444	14393	17467	12882	31090	15717	5837	6596	6226	6558	4146	4277	4459	4388	3698	3713	6356	4271	3351	3005	3479	3712
15.322222	14634	17352	12636	30640	15771	5905	6486	6182	6468	4138	4299	4241	4290	3742	3837	6310	4468	3314	3166	3441	3730
15.400000	14338	17119	12711	30864	15864	5970	6482	6312	6342	4060	4360	4365	4330	3764	3770	6399	4430	3319	3088	3528	3721
15.477778	14835	17300	12856	31660	15950	5918	6518	6274	6358	4093	4280	4399	4322	3551	3758	6442	4490	3374	2946	3462	3656
15.555556	14686	17420	12939	30946	16069	6059	6585	6280	6208	4170	4280	4320	4236	3716	3692	6298	4423	3376	3004	3587	3673
15.633333	14651	17207	12664	30997	16074	6002	6550	6390	6526	4045	4259	4526	4098	3754	3734	6312	4400	3396	2929	3495	3742
15.711111	14555	17546	12830	31052	15911	5945	6644	6158	6518	4128	4257	4342	4375	3671	3673	6353	4505	3344	3006	3530	3732
15.788889	14730	17181	13177	30980	15949	5828	6440	6323	6366	4073	4197	4420	4256	3659	3734	6469	4449	3313	3110	3516	3658
15.866667	14449	17513	12878	31188	16050	5829	6549	6237	6530	4062	4076	4495	4368	3690	3810	6423	4573	3380	3044	3627	3742
15.944444	14662	17601	12784	31424	16087	5891	6454	6353	6583	4110	4187	4464	4234	3775	3738	6456	4543	3443	3037	3425	3682
16.022222	14719	17523	13021	31268	15971	5928	6500	6342	6411	4201	4230	4531	4278	3638	3731	6374	4430	3419	3068	3492	3774
16.100000	14864	17466	12952	31062	16106	5816	6441	6165	6365	4138	4218	4455	4393	3754	3739	6397	4580	3300	2992	3562	3786
16.177778	14892	18028	13033	31248	15848	5883	6597	6324	6458	4106	4339	4411	4255	3548	3679	6331	4507	3363	2970	3538	3768
16.255556	14554	17583	12958	31408	16178	5875	6536	6212	6531	4178	4267	4432	4187	3626	3806	6312	4492	3253	2908	3424	3665
16.333333	14812	17881	12811	31002	15948	5902	6550	6303	6466	4106	4148	4504	4312	3660	3692	6350	4527	3352	2952	3551	3798
16.411111	14729	17618	12852	31493	15891	5859	6677	6375	6465	4081	4218	4505	4288	3663	3755	6257	4425	3237	2994	3538	3710
16.488889	14457	17595	12882	31566	16283	5805	6488	6317	6406	4247	4179	4510	4218	3699	3776	6266	4445	3280	2952	3643	3741
16.566667	14732	17733	12926	31259	16221	5826	6484	6280	6368	4148	4386	4572	4435	3530	3751	6312	4406	3350	2914	3498	3691
16.644444	14766	17914	13028	31747	16468	5922	6615	6142	6509	4111	4164	4491	4296	3775	3727	6264	4398	3363	2966	3458	3691
16.722222	14482	17800	12870	31266	16243	5829	6520	6273	6370	4104	4167	4705	4217	3660	3786	6348	4505	3310	3003	3638	3662
16.800000	14678	17772	12827	31472	16229	5838	6482	6313	6310	4026	4127	4416	4364	3721	3834	6468	4314	3337	3065	3622	3663
16.877778	14718	17921	12828	31462	16346	5701	6455	6166	6414	4080	4284	4541	4327	3628	3734	6386	4350	3313	2999	3570	3765
16.955556	14779	17798	13104	31312	16413	5786	6467	6361	6342	4123	4166	4415	4332	3617	3673	6394	4412	3299	2882	3526	3710
17.033333	14735	18020	12890	31782	16134	5757	6361	6335	6483	4100	4353	4577	4204	3841	3680	6347	4395	3344	2865	3561	3682
17.111111	14787	17818	12976	31256	16163	5768	6543	6274	6572	4062	4209	4431	4212	3789	3955	6468	4338	3366	3059	3615	3832
17.188889	14856	18034	13042	31672	16426	5962	6521	6071	6510	4157	4205	4515	4166	3624	3749	6556	4435	3211	2892	3546	3764
17.266667	14510	17731	12779	31733	15999	5863	6325	6360	6412	4130	4225	4514	4202	3677	3774	6460	4451	3377	2940	3556	3704
17.344444	14624	18010	12850	31840	16563	5825	6372	5970	6368	4097	4232	4435	4248	3749	3659	6391	4473	3265	2978	3627	3763
17.422222	14679	17668	13095	31433	16114	5809	6306	6255	6396	4032	4248	4364	4289	3770	3782	6323	4496	3328	2927	3488	3702
17.500000	14640	18048	13046	31560	16460	5882	6566	6174	6395	4205	4230	4557	4272	3602	3770	6472	4406	3405	3022	3561	3829
17.577778	14665	17802	13012	31766	16408	5917	6375	6172	6413	4302	4420	4365	4242	3727	3694	6342	4344	3300	3065	3573	3624
17.655556	14527	18313	13042	31734	16345	5816	6438	6289	6422	4214	4288	4420	4346	3641	3712	6263	4548	3255	2819	3474	3632
17.733333	14934	18064	13076	31581	16282	5993	6540	6166	6344	4194	4192	4626	4247	3608	3644	6257	4433	3370	2929	3606	3860
17.811111	14641	17922	12846	31509	16286	5982	6622	6292	6464	4056	4152	4544	4379	3729	3669	6406	4404	3286	2960	3612	3684
17.888889	14479	17713	12905	31771	16582	5729	6453	6211	6488	4136	4211	4479	4278	3792	3818	6381	4383	3268	2997	3580	3686
17.966667	14582	17919	13114	31202	16716	5694	6459	6196	6345	4067	4227	4345	4240	3814	3674	6487	4348	3334	2892	3555	3684
18.044444	14499	18092	12938	32067	16386	5937	6423	6257	6244	4020	4271	4525	4148	3718	3660	6537	4332	3320	2901	3572	3677
18.122222	14496	18019	12986	31912	16320	5833	6456	6178	6478	4067	4256	4350	4352	3702	3758	6300	4452	3332	3007	3660	3816
18.200000	14481	18304	13089	31965	16315	5874	6585	6134	6259	3983	4007	4480	4308	3640	3752	6356	4536	3231	2982	3539	3764
18.277778	14260	18145	12973	32009	16265	5838	6564	6132	6402	4115	4123	4362	4281	3584	3663	6292	4496	3288	2905	3556	3806
18.355556	14576	17947	12951	32019	16340	5887	6423	6111	6445	3983	4246	4464	4178	3674	3713	6305	4422	3298	2935	3495	3647
18.433333	14468	18092	13148	31595	16261	5842	6505	6197	6442	4076	4252	4357	4171	3668	3714	6402	4346	3339	2921	3599	3752
18.511111	14481	17810	12900	31798	16356	5732	6315	6082	6371	4132	4167	4419	4271	3724	3770	6514	4520	3244	2968	3516	3604
18.588889	14272	18244	13075	32032	16508	5876	6536	6124	6350	4018	4175	4419	4310	3656	3701	6333	4412	3385	2984	3616	3702
18.666667	14418	18034	12984	31667	16586	5874	6267	6216	6406	3961	4264	4564	4238	3575	3804	6290	4433	3306	3032	3627	3807
18.744444	14580	17941	13208	31805	16484	5790	6420	6134	6301	4046	4124	4420	4253	3662	3705	6413	4384	3337	2931	3601	3795
18.822222	14290	17916	13107	31731	16713	5863	6262	6052	6505	4124	4190	4406	4348	3726	3693	6236	4325	3368	3047	3510	3774
18.900000	14621	18295	13080	31940	16166	5766	6250	6130	6370	4111	4184	4359	4244	3655	3721	6094	4474	3241	2894	3618	3826
18.977778	14601	18012	12967	31516	16272	5851	6325	6076	6564	3941	4231	4402	4236	3694	3802	6285	4264	3326	3031	3518	3748
19.055556	14518	18209	13032	31733	16536	5786	6469	6198	6304	3945	4100	4391	4353	3526	3687	6272	4404	3453	2940	3420	3655
19.133333	14484	18245	13096	32017	16527	5707	6447	5917	6290	4036	4162	4496	4372	3579	3649	6330	4315	3365	2963	3664	3676
19.211111	14183	18159	13019	32106	16486	5998	6402	5955	6244	4118	4239	4433	4233	3696	3601	6266	4506	3453	2932	3616	3707
19.288889	14341	18650	13254	31762	16419	5711	6473	6176	6185	4024	4234	4326	4100	3642	3647	6276	4366	3269	2986	3618	3856
19.366667	14471	18550	13338	32607	16558	5829	6449	6280	6311	4076	4104	4367	4286	3693	3709	6387	4467	3412	2926	3622	3695
19.444444	14695	18455	13170	31929	16424	5759	6459	6210	6282	3960	4188	4460	4274	3644	3670	6358	4504	3335	3056	3441	3566
19.522222	14400	18500	13144	31870	16810	5910	6407	6138	6374	3954	4165	4442	4223	3530	3764	6108	4476	3273	3004	3555	3736
19.600000	14714	18715	13185	31929	16870	5741	6392	5925	6272	3872	4250	4466	4141	3629	3577	6077	4342	3285	2850	3654	3905
19.677778	14304	18162	13181	32421	16512	5604	6309	6042	6292	3946	4267	4517	4351	3604	3640	6316	4373	3420	3006	3602	3754
19.755556	14665	18443	13184	32076	16552	5632	6416	5970	6348	4083	4133	4552	4221	3668	3588	6253	4475	3164	2938	3597	3898
19.833333	14459	18248	13222	31964	16753	5721	6398	6083	6276	3934	4235	4404	4265	3601	3668	6206	4365	3252	2977	3586	3829
19.911111	14386	18530	13252	32205	16723	5709	6191	6054	6126	3994	4146	4515	4203	3747	3614	6378	4449	3423	2890	3510	3738
19.988889	14242	18587	13116	32240	16587	5712	6553	6018	6286	4065	4055	4397	4258	3630	3697	6361	4443	3356	2982	3559	3743
20.066667	14318	18620	13426	32081	16779	5809	6380	6101	6211	4097	4149	4422	4338	3628	3745	6342	4516	3372	2856	3558	3695
20.144444	14526	18525	13029	31771	16698	5808	6522	6120	6234	4056	4250	4346	4250	3626	3791	6324	4392	3325	2973	3488	3748
20.222222	14308	18418	13284	31982	16586	5581	6361	6034	6301	4148	4220	4416	4318	3610	3654	6358	4412	3239	2953	3668	3627
20.300000	14278	18645	13081	32681	16988	5665	6227	6158	6184	4072	4227	4387	4234	3730	3790	6418	4381	3374	2874	3530	3696
20.377778	14409	18517	13163	32334	16998	5625	6331	5858	6184	4049	4067	4443	4124	3616	3883	6473	4344	3470	2928	3576	3692
20.455556	14494	18657	13306	32897	16971	5619	6381	6194	6238	4029	4080	4393	4360	3674	3739	6269	4362	3360	2986	3608	3739
20.533333	14544	18411	13251	32760	16983	5820	6282	5936	6356	4011	4227	4444	4241	3572	3637	6208	4483	3320	2972	3666	3756
20.611111	14346	18678	13263	32484	17030	5796	6486	5986	6207	4111	4261	4432	4270	3601	3675	6323	4404	3335	2934	3572	3789
20.688889	14462	18635	13162	32629	17261	5725	6240	6060	6414	4037	4146	4372	4191	3562	3804	6365	4538	3344	2931	3524	3776
20.766667	14256	18344	12952	32421	17100	5863	6327	6238	6309	3952	4092	4356	4258	3638	3651	6153	4456	3336	2964	3500	3738
20.844444	14461	18556	13121	32978	17015	5748	6430	6134	6237	3980	4122	4461	4190	3516	3668	6344	4333	3407	2988	3590	3854
20.922222	14486	18631	13395	32142	16842	5806	6382	6049	6284	4100	4138	4284	4199	3638	3656	6401	4474	3377	2938	3479	3986
21.000000	14374	18762	13308	32302	17066	5735	6397	6000	6129	4013	4287	4358	4291	3665	3754	6286	4347	3427	2938	3518	3838
21.077778	14318	18888	13254	32767	17213	5758	6254	5900	6127	3932	4151	4525	4187	3752	3776	6386	4375	3322	2895	3435	3782
21.155556	14176	18360	13388	32530	17058	5744	6550	6130	6194	3993	4141	4395	4165	3629	3689	6262	4440	3340	3031	3482	3759
21.233333	14340	18582	13344	32600	17247	5836	6516	6078	6308	4044	4192	4382	4225	3643	3674	6300	4403	3356	2879	3686	3791
21.311111	14186	18743	13217	32799	17224	5704	6323	5983	6299	4026	4151	4336	4230	3725	3611	6290	4379	3304	3036	3555	3839
21.388889	14372	18784	13412	32636	17143	5808	6376	6229	6056	3989	4175	4444	4180	3630	3558	6237	4456	3337	2945	3576	3753
21.466667	14243	19160	13214	32430	17207	5794	6448	5939	6204	4016	4046	4504	4197	3656	3564	6348	4327	3328	2920	3515	3717
21.544444	14142	19001	13122	32628	17022	5640	6376	5996	6160	4064	4228	4340	4194	3568	3685	5984	4412	3364	2916	3504	3805
21.622222	13989	18542	13432	32488	17612	5794	6496	6154	6254	4084	4172	4459	4246	3577	3615	6341	4351	3323	2934	3595	3838
21.700000	14564	18769	13419	32319	17280	5622	6460	6072	6189	3964	4238	4492	4329	3572	3626	6176	4323	3319	3034	3574	3766
21.777778	14384	18920	13481	32716	17286	5750	6409	5994	6093	3972	4219	4600	4329	3660	3640	6354	4372	3295	2971	3654	3911
21.855556	14387	18562	13580	32644	17264	5759	6252	5958	6120	3990	4158	4434	4260	3631	3636	6226	4314	3181	3021	3507	3923
21.933333	14364	19144	13082	32402	17598	5772	6370	6064	6229	4031	4112	4425	4171	3629	3636	6244	4322	3355	3010	3494	3829
22.011111	14180	19070	13280	32418	17376	5698	6339	6140	6125	4152	4114	4402	4212	3592	3628	6182	4330	3241	2954	3735	3810
22.088889	14571	18898	13238	32721	17267	5676	6314	6114	6099	4032	3974	4294	4067	3512	3651	6259	4367	3280	2879	3502	3766
22.166667	14513	18876	13150	32411	17358	5640	6335	6091	6118	3961	4218	4460	4271	3713	3629	6237	4350	3295	2909	3538	3765
22.244444	14294	18687	13073	32917	17346	5816	6278	6136	6227	4002	4124	4394	4026	3502	3547	6358	4350	3365	2900	3616	3844
22.322222	14066	18838	13295	32457	17298	5572	6493	5995	6050	4128	3998	4360	4187	3623	3626	6275	4468	3332	2966	3726	3920
22.400000	14352	18572	13390	32431	17443	5684	6496	6165	6084	4135	3947	4373	4172	3593	3742	6254	4405	3383	2944	3590	3718
22.477778	14476	18911	13280	32532	17632	5779	6178	5929	6149	4056	4292	4305	4267	3750	3542	6296	4450	3310	3022	3468	3738
22.555556	14424	18783	13387	32708	17428	5610	6459	5994	6217	4106	4174	4390	4291	3581	3775	6324	4368	3352	2935	3567	3788
22.633333	14321	18884	13526	32722	17198	5772	6271	6149	6043	3913	4212	4494	4232	3538	3741	6324	4480	3363	3060	3414	3777
22.711111	14029	18915	13242	32770	17206	5815	6409	5998	6010	3983	4023	4499	4019	3602	3747	6296	4325	3367	2980	3605	3793
22.788889	14218	18752	13248	32789	17268	5738	6138	6079	6069	4037	4162	4370	4231	3526	3598	6181	4462	3396	2865	3547	3813
22.866667	14309	18843	13158	32925	17712	5590	6186	5885	6031	4042	4069	4491	4144	3721	3768	6178	4396	3334	2835	3490	3900
22.944444	14377	19062	13113	32546	17504	5768	6258	5948	6143	3880	4229	4371	4229	3573	3674	6323	4340	3345	2920	3599	3869
23.022222	14207	18870	13288	32658	17302	5602	6350	6182	5950	3888	4124	4448	4058	3533	3710	6085	4341	3286	2938	3660	3834
23.100000	14230	18917	13538	32765	17794	5688	6566	6042	6042	3940	4151	4335	4190	3612	3626	6266	4318	3421	2930	3542	3827
23.177778	14371	19156	13309	32802	17752	5708	6501	6002	6169	4037	3992	4323	4284	3560	3582	6230	4413	3361	2939	3543	3902
23.255556	14146	18826	13476	32629	17590	5744	6263	6040	6086	4116	4217	4386	4160	3622	3680	6222	4388	3278	2884	3452	3846
23.333333	14368	18918	13216	32612	17608	5620	6469	5978	6052	3989	4101	4362	4126	3636	3670	6147	4321	3348	2918	3496	3795
23.411111	14173	19014	13351	32870	17874	5714	6440	5933	6146	4084	4124	4381	4280	3614	3708	6246	4342	3324	2967	3614	3770
23.488889	14393	19026	13381	32858	17580	5660	6219	5888	6102	3974	4134	4353	4222	3650	3672	5995	4395	3252	2995	3564	3725
23.566667	14220	19157	13444	32677	17355	5624	6367	5959	6053	4000	4229	4314	4097	3600	3592	6288	4497	3192	2926	3546	3716
23.644444	14295	19252	13165	33166	17793	5539	6243	5990	6120	3902	4177	4484	4161	3547	3638	6169	4432	3344	2983	3595	3810
23.722222	14187	18872	13251	32967	17648	5735	6395	6061	6194	3916	4112	4500	4143	3635	3655	6333	4327	3305	2963	3522	3874
23.800000	14379	19136	13383	32808	17625	5767	6348	6080	6025	4102	4195	4346	4163	3527	3711	6243	4391	3391	2862	3566	3829
23.877778	14425	19140	13039	32639	17582	5698	6446	6047	6052	3921	4202	4386	4119	3523	3792	6188	4404	3174	2902	3490	3924
23.955556	14036	19054	13453	32605	17684	5720	6324	6042	6177	4099	4209	4335	4148	3565	3711	6268	4365	3345	2903	3725	3866
24.033333	13954	19024	13502	33285	17604	5778	6293	6076	6068	3975	4106	4310	4191	3509	3680	6234	4389	3295	2928	3542	3835
24.111111	14190	19049	13059	32721	17888	5685	6376	6102	5933	3986	4223	4217	4111	3516	3531	6188	4348	3443	3024	3610	3857
24.188889	14055	18900	13364	33108	17990	5716	6354	6006	6016	3917	4073	4406	4263	3572	3614	6264	4494	3360	2881	3512	3866
24.266667	14025	19344	13478	32908	17672	5673	6378	5990	6106	4034	4127	4438	4205	3515	3650	6194	4314	3376	2920	3583	3816
24.344444	14040	18967	13353	32859	17656	5764	6128	5937	6038	3966	4122	4336	4158	3643	3710	6135	4443	3145	2939	3518	3868
24.422222	14128	19415	13419	32688	17845	5667	6303	6022	6133	3998	4004	4440	4312	3681	3665	6245	4304	3329	2996	3483	3958
24.500000	14027	19113	13385	33178	17976	5506	6358	6096	6015	4042	4148	4408	4220	3534	3630	6307	4430	3258	2909	3580	3868
24.577778	13948	18879	13310	33022	17640	5656	6255	6064	5986	4094	4021	4343	4188	3544	3698	6210	4324	3336	2846	3591	3952
24.655556	14263	19172	13199	33016	17876	5725	6276	5945	6088	4051	4144	4512	4156	3522	3602	6312	4320	3358	3013	3507	3992
24.733333	14316	19284	13386	33212	17824	5579	6334	6068	6093	3912	4123	4402	4057	3539	3676	6288	4241	3252	2846	3498	3892
24.811111	13900	19130	13190	32976	17848	5688	6272	5910	5919	4003	4193	4381	4121	3529	3734	6136	4359	3302	2771	3489	3910
24.888889	14051	18953	13216	33148	17595	5515	6262	5956	6064	4034	4084	4286	4195	3532	3518	6261	4321	3312	3064	3520	3942
24.966667	14095	19174	13268	32780	17661	5726	6287	5953	5960	3937	4153	4362	4287	3516	3612	6030	4318	3304	3006	3588	3883
25.044444	14426	18864	13488	32822	17863	5579	6340	5904	5930	3997	4098	4406	4258	3590	3652	6333	4445	3357	2911	3526	3885
25.122222	14138	19201	13249	33249	18054	5685	6416	6005	6086	4027	4140	4342	3987	3649	3419	6208	4381	3258	2862	3422	3981
25.200000	14037	19248	13386	33011	17919	5876	6221	5975	5889	3999	4160	4470	4148	3604	3545	6210	4390	3352	2919	3552	4140
25.277778	14148	19169	13422	33033	17916	5638	6483	5999	6114	4041	4104	4276	4078	3562	3579	6243	4398	3316	2939	3499	4019
25.355556	14176	19296	13563	33105	17992	5690	6132	6069	6002	3847	4006	4519	4176	3561	3530	6273	4278	3318	2988	3516	4010
25.433333	14233	19072	13408	32974	17619	5645	6301	5945	5845	4104	4124	4352	4244	3478	3592	6243	4273	3367	2946	3454	4077
25.511111	14024	19146	13189	32497	17800	5757	6239	6026	5858	3998	4189	4464	4062	3508	3572	6147	4244	3223	2928	3579	3957
25.588889	13872	19186	13326	33090	17827	5695	6212	6019	6054	4023	4108	4292	4138	3509	3759	6243	4276	3275	2879	3582	4012
25.666667	13948	19000	13656	33473	18028	5646	6304	6020	6009	4003	4199	4282	4218	3513	3597	6075	4360	3310	2926	3587	4013
25.744444	14198	19317	13740	33684	17880	5629	6269	5973	5904	3920	4172	4368	4062	3587	3608	6032	4331	3373	2867	3549	3928
25.822222	13988	19247	13484	32945	17824	5547	6209	6132	6150	3920	4022	4316	4124	3574	3591	6226	4372	3294	2929	3595	4110
25.900000	14116	19380	13449	33101	17939	5702	6476	6026	6028	4054	4015	4449	4126	3503	3544	6296	4289	3276	2930	3549	4056
25.977778	14080	19112	13439	32942	17612	5709	6358	5953	5893	3964	4031	4263	4111	3566	3682	6095	4301	3280	2948	3496	4074
26.055556	13848	19523	13572	32558	18045	5598	6269	5935	6020	4002	4144	4385	4242	3575	3581	6158	4401	3336	2906	3482	3930
26.133333	13984	18855	13581	33067	18043	5655	6191	5953	5846	3996	4037	4284	4156	3598	3532	6100	4256	3405	2934	3422	3944
26.211111	13934	19106	13783	33223	17831	5659	6284	5931	5937	4033	4070	4309	4179	3514	3620	6217	4234	3214	2858	3408	3901
26.288889	13834	19315	13366	33504	18022	5714	6228	6005	5880	3923	4151	4325	4116	3458	3609	6014	4288	3316	2980	3622	4164
26.366667	13560	19150	13366	32822	17831	5460	6228	6007	5926	3979	4128	4282	4212	3509	3664	6209	4365	3365	2979	3447	3982
26.444444	13988	19524	13515	32631	18023	5594	6343	5822	5960	3864	4037	4444	4046	3525	3500	6085	4353	3250	2862	3548	3939
26.522222	13887	19218	13314	33151	18115	5435	6368	5999	5919	3884	4133	4317	4219	3559	3614	6111	4317	3314	2989	3586	3928
26.600000	13887	19401	13239	32636	18023	5604	6302	6034	5844	3980	4122	4382	4011	3482	3654	6117	4370	3352	2848	3537	4054
26.677778	13916	19195	13417	32672	18157	5727	6046	5950	6002	3934	4012	4276	4235	3561	3696	6252	4252	3192	2926	3574	3942
26.755556	13870	19463	13636	33356	17609	5500	6272	5933	5844	4018	4054	4344	4015	3486	3580	6228	4246	3374	2864	3555	3996
26.833333	14131	19286	13426	33092	17953	5568	6358	5943	6075	3841	4120	4292	4201	3533	3590	6133	4371	3315	2866	3649	4028
26.911111	14056	19076	13403	33194	17983	5553	6305	6036	5981	3894	4146	4348	4125	3537	3616	6250	4396	3305	2904	3475	4004
26.988889	13760	19224	13373	33284	17974	5570	6260	5806	5756	3936	4065	4238	4225	3440	3637	6174	4340	3230	2886	3502	4007
27.066667	13935	19223	13323	33422	17926	5534	6346	5938	5900	3928	4022	4305	4021	3591	3614	6250	4346	3350	2837	3530	4048
27.144444	13900	19291	13442	33439	18009	5586	6295	6018	5998	3945	4094	4345	4133	3611	3617	6089	4303	3313	2922	3560	4062
27.222222	14116	19295	13348	33741	18184	5520	6165	5926	5920	4020	4137	4335	4169	3530	3665	6094	4324	3373	2898	3504	4100
27.300000	13899	19354	13275	33662	18197	5599	6101	5948	5848	3878	4063	4413	4251	3570	3685	6174	4260	3241	2838	3440	3937
27.377778	13770	19514	13503	33540	18512	5600	6164	5876	5919	4023	3998	4334	4175	3438	3644	6226	4298	3400	2988	3526	4051
27.455556	13715	19235	13325	33059	17814	5642	6243	5955	5871	3921	4061	4370	4153	3556	3579	6268	4358	3255	2937	3508	4065
27.533333	13843	19618	13380	33742	18484	5649	6180	5966	5860	3996	4031	4323	4171	3433	3622	5953	4316	3306	2920	3533	3935
27.611111	14125	19368	13224	33328	17893	5606	6205	6000	5880	4030	3999	4268	4059	3597	3640	6241	4240	3337	2810	3485	4120
27.688889	13702	19273	13156	33020	17935	5604	6148	5956	5727	4173	4078	4411	4072	3503	3640	6210	4328	3296	2964	3421	3956
27.766667	13609	19115	13262	33281	18209	5660	6138	6159	5877	4048	4176	4259	4028	3532	3604	6273	4330	3317	3018	3528	4090
27.844444	13741	19426	13319	33780	18064	5512	6308	5959	5756	3928	4069	4289	4110	3634	3583	6122	4326	3325	2921	3435	4140
27.922222	13975	19241	13497	33086	17954	5506	6116	5918	5994	4045	4086	4403	4070	3476	3632	6066	4260	3264	2871	3550	4095
28.000000	13868	19378	13494	33392	18329	5567	6270	5923	6035	4039	4120	4279	4160	3403	3716	6114	4313	3196	2898	3437	4158
28.077778	14132	19276	13392	33042	18139	5480	6190	5858	5848	4019	4022	4427	4129	3517	3615	6014	4299	3398	2932	3433	4050
28.155556	13834	19353	13621	33677	17837	5402	6228	5820	5837	3961	4066	4298	4109	3550	3562	6145	4226	3270	2874	3486	4134
28.233333	13601	18970	13721	32854	17901	5489	6222	5929	5834	4072	4070	4272	4236	3513	3676	6013	4261	3224	2893	3460	4107
28.311111	13761	19406	13442	33594	18068	5450	6156	5911	5987	3928	3868	4323	4060	3439	3652	6210	4362	3256	2890	3522	3909
28.388889	13992	19062	13424	33162	18641	5644	6083	5930	5625	3916	3837	4409	4202	3549	3559	6186	4272	3255	2907	3524	4103
28.466667	13625	19332	13521	33892	18115	5494	6128	5774	5751	3971	4066	4368	4062	3630	3530	6056	4305	3294	2969	3578	3988
28.544444	13839	19264	13213	33006	18119	5680	6270	5914	5945	3872	4068	4172	4046	3510	3547	6089	4366	3192	2832	3600	4082
28.622222	14128	19441	13342	33288	18079	5590	5868	5851	5992	4020	4019	4292	4063	3516	3625	6102	4346	3338	3014	3552	4010
28.700000	13569	19268	13263	33718	18301	5490	5990	5911	5870	3952	4123	4284	4046	3526	3444	6174	4264	3331	2921	3489	4089
28.777778	13801	19307	13633	33166	18316	5628	6199	5921	5959	3915	4115	4463	4116	3667	3595	6075	4161	3252	2907	3532	4148
28.855556	13830	19417	13156	33452	18250	5563	6232	5836	5889	3866	4069	4233	4069	3448	3530	6096	4361	3278	2806	3650	4109
28.933333	13632	19649	13604	33365	18007	5618	6018	5925	5621	4081	4101	4345	4094	3521	3586	6037	4289	3264	2975	3439	4033
29.011111	13872	19221	13462	32744	18104	5580	6191	5767	5756	3921	4076	4384	4138	3443	3484	6124	4379	3310	2874	3530	4181
29.088889	13701	19340	13221	33318	18592	5460	6150	5842	5728	3851	4115	4302	4053	3619	3578	6114	4347	3302	2890	3548	4047
29.166667	13860	19350	13502	32901	18372	5547	6154	5986	5642	3948	4110	4326	4157	3569	3516	6148	4324	3292	2976	3624	4079
29.244444	13642	19370	13431	33531	18349	5437	6123	5889	5678	3932	3980	4333	4106	3498	3552	5990	4227	3312	2938	3438	4119
29.322222	13792	19499	13347	33589	18530	5591	6216	5832	5722	3903	4012	4277	4066	3530	3577	5966	4282	3202	2941	3499	4139
29.400000	13693	19466	13748	33301	18152	5455	6074	5818	5810	3889	3960	4337	4064	3424	3634	6059	4438	3222	2871	3486	4203
29.477778	13854	19317	13173	33527	18066	5463	6102	5921	6012	3885	3999	4347	4002	3560	3632	6158	4266	3268	2793	3388	4303
29.555556	13958	19246	13647	33087	18304	5505	6037	5851	5724	3921	4056	4137	4152	3504	3669	6110	4262	3304	2856	3414	4071
29.633333	13982	19411	13345	33879	18168	5654	6234	5814	5877	3955	3974	4168	3984	3490	3634	6191	4332	3220	2898	3538	4153
29.711111	13618	19379	13524	33088	18418	5461	6209	5791	5797	3910	4065	4347	4151	3556	3537	6151	4384	3279	2883	3456	4276
29.788889	13460	19420	13275	33626	18185	5500	6043	5801	5941	3940	3947	4392	4172	3450	3554	6176	4297	3300	2959	3503	4164
29.866667	13741	19406	13239	32767	18298	5345	6104	5741	5784	3871	3928	4283	4064	3455	3601	5900	4296	3280	2888	3390	4282
29.944444	13778	19427	13268	33302	18355	5443	6080	5749	5824	3926	3964	4397	4119	3505	3619	5969	4265	3226	2850	3437	4213
30.022222	13804	19417	13458	32801	18273	5570	6020	5740	5896	3887	4080	4287	4054	3578	3583	5959	4379	3311	2857	3562	4085
30.100000	13326	19395	13296	33084	18386	5425	6057	5983	5892	4114	4044	4336	4090	3476	3537	6220	4343	3207	2954	3597	4136
30.177778	13640	19362	13314	33666	18606	5484	6247	5868	5784	3880	3966	4257	4048	3557	3516	6038	4232	3273	2942	3458	4233
30.255556	13605	19610	13482	33231	18206	5495	6286	5835	5677	4064	4114	4359	4163	3595	3551	6033	4235	3319	2943	3521	4120
30.333333	13723	19331	13463	33136	18294	5542	6009	6012	5774	3945	4040	4318	4070	3496	3484	6285	4278	3287	2823	3408	4110
30.411111	13638	19327	13448	33668	18358	5580	6145	5934	5790	3984	3920	4287	4024	3503	3544	6054	4286	3241	2857	3373	4105
30.488889	13944	19226	13657	33330	18310	5524	6198	5694	5772	3955	3995	4177	4028	3412	3630	6045	4215	3335	2891	3506	4174
30.566667	13719	19472	13326	33072	18260	5508	6166	5815	5774	3866	3919	4308	4098	3465	3606	5994	4284	3279	2821	3525	4288
30.644444	13731	19377	13432	33338	18399	5507	6035	5831	5880	3944	3990	4304	4106	3471	3619	6127	4206	3328	2850	3438	4148
30.722222	13763	19398	13712	33382	18576	5464	5952	5729	5623	4084	4064	4304	4052	3620	3555	6124	4304	3345	2904	3487	4179
30.800000	13530	19400	13733	33885	18702	5540	6214	5718	5668	3838	4111	4292	3997	3538	3546	6200	4294	3327	2924	3417	4245
30.877778	13540	19516	13323	33143	18544	5491	6164	5846	5890	3978	4060	4264	4225	3456	3454	6011	4212	3248	2915	3450	4114
30.955556	13432	19482	13254	33551	18439	5490	6008	5804	5814	3798	4012	4275	4041	3423	3563	6028	4290	3226	2886	3442	4288
31.033333	13608	19473	13723	33350	18507	5398	6060	5795	5798	4003	3978	4267	4182	3577	3548	5955	4375	3144	2881	3451	4306
31.111111	13698	19632	13160	33116	18728	5459	6095	5702	5762	3842	3997	4335	3942	3523	3572	6145	4317	3244	2926	3488	4264
31.188889	13517	19502	13363	33436	18441	5391	6102	5720	5804	3923	4078	4335	4091	3453	3515	6190	4272	3268	2888	3388	4297
31.266667	13496	19291	13273	33110	18399	5427	5958	5782	5700	3990	4009	4230	4187	3652	3667	6212	4348	3268	2879	3529	4276
31.344444	13698	19702	13171	33194	18556	5460	6062	5910	5732	3978	4016	4267	4120	3455	3536	6047	4200	3330	2821	3607	4299
31.422222	13605	19636	13708	33239	18411	5550	5998	5830	5795	3809	4049	4315	4040	3429	3523	5919	4211	3281	2906	3464	4223
31.500000	13802	19154	13466	33422	18330	5432	6115	5845	5802	3974	4039	4145	4104	3487	3542	5873	4195	3190	2848	3441	4151
31.577778	13623	19419	13313	33533	18661	5417	5975	5844	5618	3954	3963	4257	4119	3486	3478	5925	4178	3330	2949	3522	4233
31.655556	13549	19743	13295	33119	18454	5568	6100	5630	5538	3908	4041	4244	4010	3613	3520	6022	4280	3316	2867	3498	4196
31.733333	13544	19523	13297	33638	18495	5531	5946	5690	5658	3921	4012	4274	4133	3472	3584	5855	4164	3280	2890	3468	4201
31.811111	13665	19338	13394	33456	18104	5314	6066	5898	5854	3851	3989	4368	3998	3394	3598	6022	4300	3283	2966	3423	4217
31.888889	13523	19355	13597	33602	18669	5488	5925	5693	5731	3879	3983	4299	3980	3577	3572	6142	4184	3286	2875	3601	4413
31.966667	13433	19173	13293	33304	18424	5441	6022	5788	5792	3908	3924	4212	3988	3376	3502	6030	4344	3226	2988	3544	4418
32.044444	13410	19554	13354	33705	18757	5498	6093	5718	5807	3865	4002	4320	3951	3616	3578	6072	4410	3354	2944	3404	4294
32.122222	13691	19451	13345	33346	18686	5575	6070	5795	5660	3905	3888	4338	4063	3616	3494	5911	4223	3264	2843	3482	4354
32.200000	13651	19299	13641	33542	18444	5400	5858	5725	5772	3912	3930	4212	4022	3491	3648	6162	4272	3232	2819	3533	4319
32.277778	13398	19426	13459	33302	18443	5280	5928	5723	5699	3971	3986	4323	4019	3541	3563	6120	4286	3232	2985	3405	4321
32.355556	13374	19256	13047	33098	18521	5519	6058	5763	5687	3749	3852	4216	4024	3506	3707	6086	4228	3260	2914	3448	4436
32.433333	13394	19416	13270	33620	18720	5383	5984	5668	5876	3874	4027	4292	4166	3426	3567	6013	4306	3354	2881	3601	4379
32.511111	13874	19414	13312	33664	18466	5460	5990	5727	5584	3899	3974	4204	4032	3506	3566	5917	4182	3208	2810	3410	4432
32.588889	13665	19542	13365	33115	18596	5428	6130	5831	5745	3952	3920	4277	4093	3439	3490	5938	4214	3204	2831	3505	4351
32.666667	13466	19509	13037	33591	18378	5448	6059	5652	5603	4013	4010	4141	3930	3498	3636	5996	4217	3351	2836	3428	4451
32.744444	13481	19355	13502	33454	18739	5458	6024	5696	5682	3838	3948	4263	4119	3454	3588	5992	4334	3280	2775	3519	4422
32.822222	13468	19405	13451	32804	18583	5415	6040	5889	5650	3922	3941	4283	4029	3450	3482	5869	4171	3260	2861	3422	4336
32.900000	13484	19536	13363	33206	18487	5493	6107	5771	5728	3865	3945	4118	4022	3495	3459	6015	4259	3238	2946	3368	4496
32.977778	13567	19303	13150	33002	18812	5411	6056	5784	5632	3987	3922	4293	4170	3504	3538	6031	4241	3334	2969	3441	4449
33.055556	13393	19459	13600	33711	18659	5364	5965	5784	5603	3896	3922	4230	4015	3579	3391	6084	4146	3306	3008	3379	4382
33.133333	13566	19137	13407	33458	18662	5562	5942	5834	5672	3824	4061	4338	3971	3540	3484	6020	4326	3259	2834	3490	4337
33.211111	13608	19406	13320	33479	18805	5419	5959	5820	5647	3977	3982	4402	3998	3475	3584	6050	4276	3180	2847	3458	4329
33.288889	13234	19377	13303	33350	18834	5372	6070	5637	5673	3958	3990	4226	4016	3442	3436	6071	4193	3266	2772	3501	4383
33.366667	13439	19340	13518	33140	18534	5365	6036	5672	5768	3959	3944	4248	4022	3521	3577	6000	4320	3240	2906	3496	4542
33.444444	13282	19420	13370	32630	18653	5306	5969	5732	5541	3810	4048	4269	3945	3352	3506	6024	4236	3298	2954	3506	4467
33.522222	13456	19469	13416	33605	18589	5318	6056	5826	5736	3821	3977	4219	4103	3425	3471	5960	4306	3281	2783	3380	4520
33.600000	13270	19326	13741	33594	18414	5476	6072	5745	5556	3897	4046	4464	3987	3487	3582	6020	4326	3279	2820	3411	4616
33.677778	13553	19623	13238	33346	18670	5404	5902	5774	5672	3939	3941	4241	4058	3430	3439	6129	4202	3195	2864	3474	4494
33.755556	13595	19516	13196	33540	18614	5448	5890	5559	5495	3868	4037	4266	4079	3356	3441	6198	4320	3256	2931	3490	4530
33.833333	13496	19749	13375	33070	18574	5517	5936	5638	5598	3946	3980	4251	4110	3477	3488	6012	4220	3287	2840	3571	4454
33.911111	13572	19792	13257	33518	18709	5324	6102	5782	5490	3839	3959	4266	3948	3326	3540	6080	4268	3305	2829	3498	4347
33.988889	13448	19455	13469	33118	18659	5389	5933	5665	5500	3898	4010	4170	4022	3419	3570	6150	4338	3278	2913	3385	4638
34.066667	13125	19291	13276	33310	18820	5352	5930	5775	5659	3858	3907	4180	3978	3429	3436	5994	4232	3335	2889	3444	4646
34.144444	13370	19333	13256	33389	18551	5438	6014	5788	5770	3868	3999	4138	3875	3437	3435	5853	4253	3231	2941	3573	4528
34.222222	13435	19513	13344	33340	18639	5468	5976	5756	5534	3864	3904	4152	4043	3387	3471	5976	4140	3421	2949	3511	4588
34.300000	13499	19575	13395	32824	18428	5232	6047	5890	5650	3783	3914	4282	4050	3438	3571	6122	4221	3233	2883	3500	4594
34.377778	13456	19436	13463	33440	18895	5402	6086	5563	5569	3825	3839	4222	3974	3378	3477	6061	4242	3161	2977	3421	4538
34.455556	13363	19518	13258	33240	18552	5500	6176	5678	5620	3819	4023	4312	3858	3384	3573	6056	4192	3198	2971	3398	4872
34.533333	13230	19276	13247	33266	18610	5350	5864	5744	5741	3856	4013	4160	3934	3463	3557	6027	4106	3265	2792	3438	4615
34.611111	13237	19723	13129	33337	18656	5351	5988	5656	5820	3907	3995	4306	4087	3460	3425	6017	4317	3218	2899	3472	4656
34.688889	13281	19226	13454	32939	18854	5429	6058	5708	5658	3798	3956	4183	4058	3446	3560	6006	4243	3255	2850	3615	4713
34.766667	13475	19530	13356	33402	18843	5405	5900	5646	5568	3936	3926	4136	4067	3479	3507	5992	4184	3229	2866	3498	4800
34.844444	13253	19316	13393	33167	18798	5387	5882	5724	5509	3828	3919	4241	3971	3417	3511	5832	4187	3205	2868	3435	4737
34.922222	12978	19478	13187	33265	18680	5276	5940	5798	5582	3792	3956	4204	3827	3416	3452	6142	4222	3238	2820	3410	4824
35.000000	13079	19252	13472	32835	18388	5337	5958	5676	5587	3839	3835	4177	4023	3453	3512	6057	4245	3120	2905	3451	4615
35.077778	13298	19051	13092	33290	18792	5582	5972	5723	5531	3861	4003	4180	4024	3442	3438	5847	4226	3262	2858	3540	4777
35.155556	13334	19808	13329	33267	18448	5427	5982	5746	5694	3818	3961	4164	3989	3456	3442	5895	4200	3256	2896	3459	4744
35.233333	13078	19071	13282	33874	18725	5295	5956	5844	5680	3904	3832	4228	4030	3485	3628	6022	4287	3220	2921	3612	4815
35.311111	13300	19438	13078	32909	18661	5415	6099	5601	5564	3785	3964	4162	4113	3417	3546	6112	4114	3317	2901	3389	4830
35.388889	13050	19565	13210	33246	18725	5334	6104	5573	5641	3806	3941	4243	4017	3384	3557	6009	4166	3277	2828	3549	4899
35.466667	13102	19373	13380	33360	18743	5429	5833	5780	5613	3865	3945	4338	3984	3407	3455	6028	4196	3172	2820	3361	4834
35.544444	13192	19456	13078	33295	18754	5237	5991	5616	5545	3913	4014	4266	4099	3503	3407	5958	4260	3379	2785	3502	4867
35.622222	13463	19122	13169	33325	18865	5294	5794	5797	5523	3851	3912	4233	3934	3472	3527	5961	4251	3155	2854	3391	4753
35.700000	13412	19554	13144	33004	18628	5492	5905	5665	5481	3706	4042	4080	3966	3483	3473	6015	4379	3226	2912	3305	4984
35.777778	13132	19184	13431	33175	18790	5286	5874	5742	5361	3872	3905	4184	3944	3376	3501	5928	4148	3181	2888	3456	4760
35.855556	13270	19347	13290	33400	18838	5183	5864	5773	5593	3819	3908	4277	3999	3369	3478	5935	4199	3163	2898	3461	4752
35.933333	13000	19126	13286	33047	18500	5403	6132	5720	5545	3788	4102	4224	3956	3349	3538	6012	4242	3220	2845	3470	4712
36.011111	13544	19132	13170	33229	18800	5324	5854	5496	5481	3802	3990	4258	4057	3436	3400	5814	4216	3370	2949	3436	4754
36.088889	13321	19029	13180	33742	18756	5313	5897	5631	5399	3803	3972	4299	3948	3347	3361	6140	4269	3262	2872	3421	4880
36.166667	13245	19097	13174	33168	18472	5348	5878	5782	5464	3888	3869	4230	3999	3401	3445	5908	4072	3255	2835	3445	4662
36.244444	13603	19136	13333	32999	18702	5316	5911	5539	5563	3943	3949	4188	3986	3391	3482	5960	4166	3346	2900	3418	4815
36.322222	13155	19521	13409	33257	18537	5371	5916	5783	5632	3848	3980	4129	3978	3452	3484	5858	4326	3394	2874	3544	4858
36.400000	13203	19654	13375	33132	18860	5247	5813	5522	5622	3794	3864	4235	4084	3359	3452	6057	4128	3152	2924	3450	5096
36.477778	13331	19578	13588	32977	18862	5336	5944	5669	5538	3830	3916	4143	4025	3458	3628	6000	4206	3226	2820	3426	4772
36.555556	13172	19301	13607	33565	18788	5236	5875	5564	5449	3854	3868	4334	3951	3397	3524	5965	4244	3297	2747	3584	4872
36.633333	13052	19361	13414	32954	18789	5318	5850	5578	5532	3849	3939	4245	4100	3433	3400	5836	4212	3269	2853	3416	4890
36.711111	13188	19654	13325	33182	18913	5401	5981	5689	5561	3825	4000	4135	3887	3439	3498	6011	4171	3168	2924	3449	5031
36.788889	13318	19700	13270	33356	18863	5265	6080	5622	5607	3758	3832	4270	3921	3314	3578	5987	4014	3141	2978	3570	5115
36.866667	13111	19519	13459	33060	18762	5374	5986	5590	5385	3915	3981	4127	3944	3329	3604	5913	4144	3210	2868	3400	5010
36.944444	13308	19408	13214	33624	18972	5256	5934	5582	5551	3746	3976	4176	4134	3376	3470	6006	4087	3310	2864	3473	5250
37.022222	13088	19540	13056	32916	18749	5265	5826	5593	5624	3785	3894	4124	4034	3366	3588	5955	4127	3178	3014	3354	5170
37.100000	13109	19226	13274	33066	18716	5345	5790	5584	5491	3891	3793	4258	3795	3486	3519	5986	4045	3286	2875	3435	5213
37.177778	13164	19513	13456	32961	18664	5188	5949	5594	5550	3780	3972	4247	4085	3362	3406	5927	4197	3202	2854	3506	5166
37.255556	13129	19544	13093	33493	18670	5367	5706	5666	5335	3749	3838	4066	3944	3422	3422	5986	4130	3236	2904	3474	5096
37.333333	13235	19508	13221	33340	18463	5264	6005	5591	5465	3765	3760	4092	3923	3430	3430	5852	4188	3148	2904	3394	5106
37.411111	13074	19396	13485	33199	18719	5183	5878	5630	5645	3791	3984	4164	3957	3488	3584	5990	4261	3124	2860	3352	5316
37.488889	13108	19699	13408	32913	18758	5186	5917	5503	5513	3806	3826	4167	3829	3504	3310	5903	4106	3244	2938	3565	5151
37.566667	13088	19350	13177	33097	18895	5214	5837	5568	5526	3729	3950	4106	4046	3246	3570	5890	4112	3241	2923	3551	5390
37.644444	12839	19724	13271	33488	18681	5332	5796	5518	5522	3805	3928	4215	3876	3496	3501	5960	4214	3248	2975	3460	5288
37.722222	13022	19245	13210	32890	18970	5358	5903	5628	5478	3795	3881	3993	4065	3396	3372	5977	4151	3277	2794	3411	5049
37.800000	12943	19111	13160	33445	18525	5200	5744	5556	5585	3883	3921	4288	3944	3379	3453	5932	4256	3137	2906	3422	5246
37.877778	13136	19423	13267	33430	18949	5183	5788	5535	5509	3703	3794	4194	4002	3542	3562	5956	4229	3212	2806	3493	5260
37.955556	12981	19507	13096	32719	18710	5340	5903	5535	5580	3784	3888	4220	3976	3405	3462	6160	4274	3226	2907	3394	5342
38.033333	13268	19253	13356	33093	18843	5244	5923	5489	5246	3722	3925	4134	4090	3417	3421	5800	4187	3269	2830	3414	5188
38.111111	13088	19475	13223	33050	19000	5126	5844	5676	5446	3795	3834	4040	3913	3364	3492	5894	4083	3272	2830	3457	5469
38.188889	13047	19157	12897	32744	18681	5330	5829	5599	5468	3803	3896	4127	3872	3198	3527	5839	4286	3219	2940	3434	5499
38.266667	12974	19229	13206	33107	18706	5342	5802	5651	5431	3775	3888	4135	3914	3382	3502	5859	4240	3304	2841	3411	5488
38.344444	12925	19263	13215	33325	18958	5288	5908	5616	5515	3854	3912	4158	3946	3333	3500	5904	4129	3234	2883	3481	5342
38.422222	13004	19100	13106	33654	18713	5148	5882	5481	5398	3742	3795	4235	3884	3364	3385	5807	4125	3217	2877	3280	5560
38.500000	13066	19556	13135	33072	18834	5319	5787	5482	5387	3869	3953	4166	3796	3417	3418	5948	4201	3234	2827	3279	5807
38.577778	13113	19227	13232	33122	18715	5323	5892	5452	5469	3750	3778	4114	3936	3305	3479	5941	4095	3209	2832	3425	5782
38.655556	13060	19558	13275	33064	18959	4965	5954	5534	5403	3770	3932	4078	3871	3246	3523	5963	4230	3318	2895	3455	5849
38.733333	13217	19401	13195	33298	18696	5228	6020	5474	5423	3689	3886	4140	3961	3413	3470	5873	4172	3200	2916	3348	5897
38.811111	13142	19088	13194	32696	18925	5112	5798	5627	5442	3762	3942	4140	3882	3362	3426	5925	4212	3137	2992	3423	5893
38.888889	13139	19460	13306	32763	18679	5332	5863	5548	5486	3892	3949	4021	3875	3447	3391	5892	4106	3283	2844	3408	5774
38.966667	13180	19164	13214	33140	18632	5246	5882	5444	5481	3730	4084	4080	3882	3355	3510	5956	4057	3234	2846	3370	5949
39.044444	12898	19072	13134	33040	18540	5222	5826	5468	5449	3781	3857	4081	3962	3359	3462	5850	4136	3205	2790	3427	5900
39.122222	12983	19379	13283	33424	18904	5273	5891	5593	5397	3855	3866	4092	4060	3324	3535	5883	4064	3250	2917	3371	6144
39.200000	13043	19179	13185	32727	18747	5262	5686	5551	5470	3701	3712	4132	3928	3340	3475	5952	4154	3301	3010	3391	6164
39.277778	13193	19480	13114	33567	19078	5207	5723	5555	5393	3689	3952	4186	3826	3412	3396	5824	4080	3176	2849	3479	6190
39.355556	13048	19235	13232	33371	19008	5054	5886	5484	5273	3723	3974	4168	3917	3350	3387	6020	4290	3255	2858	3389	5945
39.433333	12928	19365	13108	33243	18493	5225	5821	5542	5437	3844	3829	4149	3973	3448	3456	5933	4139	2996	2868	3432	6600
39.511111	13034	19231	13029	33054	18479	5225	5733	5582	5494	3754	3891	4033	4058	3425	3494	5891	4090	3173	2738	3542	5722
39.588889	12875	19446	13220	32919	18598	5286	5972	5745	5430	3772	3808	4181	3901	3414	3366	5852	4236	3174	2735	3436	5858
39.666667	12721	19436	13392	32765	18561	5267	5846	5488	5206	3781	3808	4090	3877	3341	3596	5888	4156	3236	2902	3387	6424
39.744444	13057	19362	13217	32862	18832	5278	5966	5374	5408	3758	3804	4163	3942	3353	3354	5906	4152	3229	2798	3439	6176
39.822222	12911	19441	13126	33364	18782	5147	5865	5583	5266	3722	3913	4159	3834	3270	3564	5936	4214	3116	2957	3485	6313
39.900000	12879	18969	13110	33560	18819	5201	5745	5640	5312	3812	3796	4018	3890	3416	3528	5850	4188	3310	2840	3451	6308
39.977778	13020	19234	13199	33290	18554	5119	5857	5509	5465	3848	3728	4184	3898	3430	3529	5940	4130	3140	2844	3390	6226
40.055556	12928	19219	13292	33191	19203	5256	5872	5497	5362	3841	3866	3912	3944	3394	3488	5898	4075	3202	2830	3400	6339
40.133333	12958	19269	13256	32837	18546	5192	5796	5534	5439	3599	3878	4060	3870	3353	3555	5998	4290	3116	2899	3361	6722
40.211111	13111	19289	13034	33235	18764	5118	5760	5561	5368	3740	3847	4096	3972	3262	3544	5791	4197	3157	2888	3388	5958
40.288889	12939	19306	13157	33126	18919	5204	5847	5528	5446	3881	3818	4190	3945	3352	3495	5952	4277	3198	2818	3444	7063
40.366667	12960	19124	13204	33164	18591	5106	5854	5418	5527	3780	3844	4073	3910	3406	3483	5896	4156	3154	2901	3595	7597
40.444444	12867	19254	12952	33314	19004	5220	5975	5465	5371	3812	3840	4230	3918	3345	3418	5854	4132	3171	2896	3451	7780
40.522222	12967	19561	13124	32927	18797	5238	5796	5580	5253	3840	3898	4187	3835	3342	3435	5896	4239	3159	2855	3359	7651
40.600000	12773	19414	13261	32859	18893	5393	5691	5403	5278	3701	3811	4088	4045	3416	3534	5789	4140	3242	2811	3388	7712
40.677778	12665	19211	13244	33324	18797	5149	5828	5546	5422	3814	3860	3978	3915	3350	3397	5919	4106	3200	2860	3373	7823
40.755556	12904	19264	13069	32906	18615	5171	5889	5504	5533	3821	3785	4141	3858	3294	3473	6032	4276	3149	2900	3408	7881
40.833333	13037	19348	13056	33078	18836	5293	5873	5330	5346	3735	3854	3959	3876	3395	3488	5903	4080	3102	2927	3372	8667
40.911111	12868	19442	12907	32826	18770	5158	5749	5438	5446	3670	3893	4166	3861	3359	3362	5871	4092	3276	2960	3349	8457
40.988889	12769	19372	13200	33152	18972	5144	5791	5460	5427	3797	3958	4159	3965	3437	3420	5930	4181	3186	2927	3390	8786
41.066667	12880	19268	13044	32530	18599	5205	5690	5511	5340	3671	3819	4300	3799	3337	3486	5698	4076	3170	2807	3467	8685
41.144444	12924	18910	13101	32432	18623	5021	5832	5394	5334	3804	3849	4046	3873	3423	3400	5802	4106	3211	2864	3401	8800
41.222222	12726	19139	13030	32852	18814	5125	5646	5457	5248	3726	3881	3990	3923	3374	3376	5694	4174	3194	2846	3463	9168
41.300000	12827	19238	12991	32581	18582	5192	5733	5562	5190	3722	3818	4112	3817	3432	3452	6012	3986	3325	2836	3391	9366
41.377778	12730	19397	13068	32540	18838	5123	5642	5554	5302	3750	3898	4101	3830	3345	3493	5860	4125	3142	2888	3434	9370
41.455556	12954	19295	13188	32324	18821	5086	5668	5637	5453	3759	3787	4186	3853	3340	3344	6054	4240	3198	2841	3440	9851
41.533333	12700	19071	12889	32687	18676	5156	5734	5350	5178	3759	3791	4088	3819	3222	3474	6044	4130	3228	2896	3366	9866
41.611111	12697	18860	13092	32408	19254	5108	5690	5495	5305	3757	3913	4025	3927	3456	3428	5834	4205	3112	2818	3432	10281
41.688889	12834	19512	13036	32955	18806	5079	5546	5307	5292	3740	3797	4048	3869	3420	3334	5758	4106	3321	2872	3507	10404
41.766667	12892	19007	12861	32790	18685	5138	5574	5511	5156	3754	3804	4096	3892	3418	3493	5684	4202	3265	2924	3339	10792
41.844444	12652	19007	12876	32858	18841	5209	5738	5441	5358	3742	3774	3986	3838	3209	3468	5869	4190	3169	2936	3333	10782
41.922222	12810	19369	13052	32914	18714	5087	5642	5413	5323	3696	3857	4087	3850	3292	3467	5897	4080	3240	2924	3484	11325
42.000000	12993	19362	13134	32838	18742	5067	5713	5499	5292	3817	3830	4084	3790	3320	3542	5985	4026	3160	2821	3505	11407
42.077778	12905	19094	13014	32118	18933	5178	5832	5498	5331	3775	3762	4014	3879	3307	3454	5850	4116	3204	2802	3554	11390
42.155556	12796	19476	12930	33162	18884	5115	5614	5364	5226	3705	3740	4176	3872	3337	3530	6004	4165	3307	2888	3307	12327
42.233333	12906	19321	13109	32804	18674	5092	5540	5516	5341	3720	3794	4006	3950	3336	3354	5806	4147	3052	2861	3347	12808
42.311111	12650	19146	12886	32638	18663	5040	5716	5482	5322	3800	3708	4102	3865	3284	3399	5902	4062	3111	2899	3372	13395
42.388889	12634	19132	12971	32680	18590	5199	5779	5426	5319	3720	3786	4094	3864	3392	3478	6022	4096	3182	2876	3359	13568
42.466667	12636	19078	12906	32769	18490	5067	5710	5452	5078	3763	3866	4021	3832	3310	3333	5805	4104	3193	2858	3348	13394
42.544444	12508	19236	12906	32588	18912	5133	5720	5379	5336	3648	3811	4043	3712	3425	3429	5712	4042	3201	2899	3450	13312
42.622222	12748	18956	12874	32821	18936	4998	5867	5395	5358	3809	3789	4131	3925	3363	3409	5941	4062	3173	2858	3388	13991
42.700000	12848	19110	13022	33006	18906	5267	5733	5494	5338	3619	3718	4070	3858	3274	3377	5914	4005	3212	2823	3360	14895
42.777778	12705	19522	13123	32785	18873	5150	5734	5524	5151	3782	3862	3996	3804	3293	3335	5850	4122	3230	2939	3332	16042
42.855556	12895	18880	12887	32614	18700	5204	5806	5465	5238	3827	3832	4013	3864	3329	3450	5751	4091	3263	2885	3371	17092
42.933333	12851	19300	12903	32416	19002	5236	5572	5470	5393	3656	3698	4008	3850	3331	3262	5902	4078	3108	2899	3450	17042
43.011111	12630	19145	13085	32532	18599	5216	5954	5275	5264	3779	3753	3978	3848	3376	3399	5887	4009	3198	2963	3306	16778
